min: 0 max: 4294967293 sum: 1152937665768645036 runtime: 1448.9812178611755


min: 0 max: 4294967293 sum: 1152937665768645036 runtime: 1159.8865234851837
